300	-4.9960036108132e-15	0
299.92598405486	0.010756493202858	0
299.70400926424	0.042994690725984	0
299.33429469046	0.096620966652518	0
298.81720519717	0.17148000878975	0
298.15325108927	0.2673559031108	0
297.3430876093	0.38397362806671	0
296.38751429081	0.52100093536261	0
295.28747416929	0.67805058780946	0
294.04405285154	0.8546829193923	0
292.65847744427	1.0504086778351	0
291.13211534313	1.2646921057729	0
289.46647288324	1.496954213243	0
287.6631938526	1.7465761916333	0
285.7240578699	2.0129029175314	0
283.65097862826	2.2952464941244	0
281.44600200658	2.5928897779369	0
279.11130405059	2.9050898397459	0
276.6491888253	3.231081310482	0
274.06208614118	3.5700795657615	0
271.35254915624	3.9212837063724	0
268.52325185635	4.2838792964747	0
265.57698641637	4.6570408264173	0
262.51666044457	5.0399338728179	0
259.34529411321	5.4317169348135	0
256.06601717798	5.8315429320508	0
252.6820658893	6.2385603569394	0
249.19677979855	6.6519140808175	0
245.6135984623	7.0707458208436	0
241.93605804795	7.4941942815248	0
238.16778784387	7.9213949916735	0
234.31250667782	8.351479864144	0
230.37401924685	8.7835765118129	0
226.35621236256	9.2168073588247	0
222.26305111526	9.6502885910145	0
218.09857496093	10.083128993568	0
213.86689373476	10.514428727281	0
209.57218359522	10.943278097187	0
205.2186829027	11.368756368774	0
200.81068803679	11.789930687466	0
196.35254915624	12.205855156481	0
191.84866590588	12.61557012661	0
187.30348307473	13.018101748854	0
182.72148620948	13.412461837315	0
178.10719718786	13.797648085217	0
173.46516975603	14.172644671567	0
168.79998503465	14.536423289795	0
164.11624699778	14.887944622844	0
159.4185779294	15.226160281703	0
154.71161386172	15.550015216403	0
150	15.858450600171	0
145.28838613828	16.150407178902	0
140.5814220706	16.42482906939	0
135.88375300222	16.68066798122	0
131.20001496535	16.916887828722	0
126.53483024397	17.132469691338	0
121.89280281214	17.326417073067	0
117.27851379052	17.497761404615	0
112.69651692527	17.645567725543	0
108.15133409412	17.768940478179	0
103.64745084376	17.867029340488	0
99.189311963206	17.939035021529	0
94.781317097298	17.984214940658	0
90.427816404783	18.001888710315	0
86.133106265239	17.991443342096	0
81.901425039068	17.952338096923	0
77.736948884743	17.884108902389	0
73.643787637444	17.786372263899	0
69.62598075315	17.658828600868	0
65.68749332218	17.501264945082	0
61.832212156129	17.313556945123	0
58.063941952054	17.095670128603	0
54.386401537697	16.847660382636	0
50.803220201452	16.569673622363	0
47.317934110697	16.261944627439	0
43.933982822018	15.924795036873	0
40.654705886788	15.558630503521	0
37.483339555431	15.163937020535	0
34.423013583632	14.741276443165	0
31.476748143646	14.291281240239	0
28.647450843758	13.814648520291	0
25.937913858816	13.312133387473	0
23.350811174698	12.784541692007	0
20.888695949408	12.232722248746	0
18.55399799342	11.657558605395	0
16.349021371745	11.059960448897	0
14.275942130097	10.440854744357	0
12.336806147403	9.8011767055108	0
10.533527116762	9.1418606991567	0
8.8678846568662	8.4638311879786	0
7.341522555727	7.7679938168897	0
5.9559471484585	7.0552267472885	0
4.7125258307053	6.3263723415153	0
3.6124857091879	5.5822292963123	0
2.6569123906967	4.823545319278	0
1.8467489107293	4.0510104362236	0
1.1827948028283	3.2652510100653	0
0.665705309538	2.466824543511	0
0.29599073575927	1.6562153284472	0
0.07401594514026	0.8338309947113	0
0	0	0
0.07401594514026	-0.8338309947113	0
0.29599073575927	-1.6562153284472	0
0.665705309538	-2.466824543511	0
1.1827948028283	-3.2652510100653	0
1.8467489107293	-4.0510104362236	0
2.6569123906967	-4.823545319278	0
3.6124857091879	-5.5822292963123	0
4.7125258307053	-6.3263723415153	0
5.9559471484585	-7.0552267472885	0
7.341522555727	-7.7679938168897	0
8.8678846568662	-8.4638311879786	0
10.533527116762	-9.1418606991567	0
12.336806147403	-9.8011767055108	0
14.275942130097	-10.440854744357	0
16.349021371745	-11.059960448897	0
18.55399799342	-11.657558605395	0
20.888695949408	-12.232722248746	0
23.350811174698	-12.784541692007	0
25.937913858816	-13.312133387473	0
28.647450843758	-13.814648520291	0
31.476748143646	-14.291281240239	0
34.423013583632	-14.741276443165	0
37.483339555431	-15.163937020535	0
40.654705886788	-15.558630503521	0
43.933982822018	-15.924795036873	0
47.317934110697	-16.261944627439	0
50.803220201452	-16.569673622363	0
54.386401537697	-16.847660382636	0
58.063941952054	-17.095670128603	0
61.832212156129	-17.313556945123	0
65.68749332218	-17.501264945082	0
69.62598075315	-17.658828600868	0
73.643787637444	-17.786372263899	0
77.736948884743	-17.884108902389	0
81.901425039068	-17.952338096923	0
86.133106265239	-17.991443342096	0
90.427816404783	-18.001888710315	0
94.781317097298	-17.984214940658	0
99.189311963206	-17.939035021529	0
103.64745084376	-17.867029340488	0
108.15133409412	-17.768940478179	0
112.69651692527	-17.645567725543	0
117.27851379052	-17.497761404615	0
121.89280281214	-17.326417073067	0
126.53483024397	-17.132469691338	0
131.20001496535	-16.916887828722	0
135.88375300222	-16.68066798122	0
140.5814220706	-16.42482906939	0
145.28838613828	-16.150407178902	0
150	-15.858450600171	0
154.71161386172	-15.550015216403	0
159.4185779294	-15.226160281703	0
164.11624699778	-14.887944622844	0
168.79998503465	-14.536423289795	0
173.46516975603	-14.172644671567	0
178.10719718786	-13.797648085217	0
182.72148620948	-13.412461837315	0
187.30348307473	-13.018101748854	0
191.84866590588	-12.61557012661	0
196.35254915624	-12.205855156481	0
200.81068803679	-11.789930687466	0
205.2186829027	-11.368756368774	0
209.57218359522	-10.943278097187	0
213.86689373476	-10.514428727281	0
218.09857496093	-10.083128993568	0
222.26305111526	-9.6502885910145	0
226.35621236256	-9.2168073588247	0
230.37401924685	-8.7835765118129	0
234.31250667782	-8.351479864144	0
238.16778784387	-7.9213949916735	0
241.93605804795	-7.4941942815248	0
245.6135984623	-7.0707458208436	0
249.19677979855	-6.6519140808175	0
252.6820658893	-6.2385603569394	0
256.06601717798	-5.8315429320508	0
259.34529411321	-5.4317169348135	0
262.51666044457	-5.0399338728179	0
265.57698641637	-4.6570408264173	0
268.52325185635	-4.2838792964747	0
271.35254915624	-3.9212837063724	0
274.06208614118	-3.5700795657615	0
276.6491888253	-3.231081310482	0
279.11130405059	-2.9050898397459	0
281.44600200658	-2.5928897779369	0
283.65097862826	-2.2952464941244	0
285.7240578699	-2.0129029175314	0
287.6631938526	-1.7465761916333	0
289.46647288324	-1.496954213243	0
291.13211534313	-1.2646921057729	0
292.65847744427	-1.0504086778351	0
294.04405285154	-0.8546829193923	0
295.28747416929	-0.67805058780946	0
296.38751429081	-0.52100093536261	0
297.3430876093	-0.38397362806671	0
298.15325108927	-0.2673559031108	0
298.81720519717	-0.17148000878975	0
299.33429469046	-0.096620966652518	0
299.70400926424	-0.042994690725984	0
299.92598405486	-0.010756493202858	0
300	4.9960036108132e-15	0
